5014000
10176000
11796000
10644000
9723000
7239000
4755000
4431000
742716
5511000
12639000
8103000
5619000
8211000
12963000
10047000
8751000
9183000
7671000
12423000
8211000
8643000
10911000
5619000
2421000
3777000
12741000
10365000
7557000
14793000
11121000
8853000
7026000
10806000
7317000
9045000
11205000
16605000
14877000
13581000
8181000
11637000
6669000
7749000
5265000
6345000
2565000
7641000
5913000
8289000
5049000
8289000
6129000
5373000
871000
5481000
7749000
4293000
3429000
3596000
2565000
729000
1701000
1701000
7317000
12069000
10233000
4185000
1275000
3275000
5481000
10341000
14121000
14445000
10989000
14013000
11961000
15741000
17037000
16281000
19521000
23724000
22320000
18432000
18195000
25272000
20196000
15768000
14256000
8316000
3780000
324000
1620000
1620000
4752000
6912000
7992000
4536000
4536000
1296000
2916000
2376000
3564000
216000
1296000
4104000
10908000
3456000
6372000
8208000
9072000
3672000
2052000
648000
324000
5940000
864000
9504000
12204000
11124000
12528000
13824000
11016000
15552000
20844000
16308000
16848000
11664000
7776000
9612000
8532000
10692000
7776000
10260000
3024000
5508000
6264000
7992000
13284000
15552000
13392000
12636000
13824000
7236000
12420000
7560000
3780000
2592000
1404000
4968000
1728000
1512000
4644000
5832000
6804000
10908000
16416000
18792000
13824000
7884000
8640000
6480000
8100000
6372000
432000
4968000
7776000
15552000
10692000
18036000
20952000
17172000
15012000
9072000
10260000
14256000
6804000
8424000
15876000
9828000
4752000
5940000
540000
1404000
8100000
7776000
10152000
17496000
13068000
15984000
18036000
16416000
22140000
15444000
7776000
3132000
4752000
1188000
3348000
2808000
7236000
3456000
756000
2808000
7452000
4752000
7668000
12744000
11988000
9720000
11124000
17928000
16632000
19872000
14796000
14904000
11340000
15012000
20196000
24300000
21060000
16092000
12204000
8964000
18144000
19764000
18792000
16416000
21600000
23004000
15984000
17928000
14256000
15120000
13068000
16524000
14796000
18576000
16848000
12636000
11556000
16092000
16200000
21168000
21060000
22464000
14256000
18360000
16416000
12960000
13608000
14796000
15228000
17172000
18036000
10152000
7452000
864000
5832000
1404000
8100000
3672000
10368000
9288000
10584000
15336000
12204000
13176000
9612000
9612000
9180000
7668000
1944000
4752000
2916000
9612000
4212000
4104000
3996000
12636000
13284000
13392000
13500000
15768000
9720000
19548000
21384000
22788000
18360000
14796000
11988000
17388000
14688000
18684000
16308000
14040000
5292000
11016000
9504000
3564000
2808000
2268000
0
1944000
10152000
7344000
4860000
6912000
4428000
864000
4104000
2376000
4320000
540000
10260000
16524000
13284000
12204000
10044000
11448000
12744000
8532000
7668000
4320000
2916000
6588000
0
6480000
7128000
11880000
11880000
9504000
13176000
9504000
12528000
5508000
108000
1188000
2052000
9072000
7020000
12744000
13500000
11232000
6264000
6480000
11664000
6804000
14040000
13176000
18360000
14256000
12096000
8748000
8964000
3672000
324000
0
0
3672000
2484000
2484000
2808000
2592000
4536000
7992000
4536000
4860000
2160000
216000
0
2916000
2160000
6912000
5724000
8640000
0
4428000
8208000
4212000
2808000
6372000
6912000
8424000
14580000
13068000
20196000
23004000
26136000
22356000
26784000
24192000
22896000
20304000
25488000
22896000
25164000
24732000
24516000
25812000
25380000
23220000
16524000
15444000
20196000
18900000
12852000
15336000
14904000
12204000
10692000
16416000
13284000
15120000
10692000
9936000
13284000
6048000
14688000
19224000
15012000
14904000
20196000
19548000
15876000
13284000
9072000
9072000
11340000
6804000
2160000
3996000
9828000
5616000
108000
1188000
4320000
11664000
9612000
3888000
1944000
2592000
3996000
2700000
5400000
4536000
9072000
7776000
15336000
16092000
14796000
6912000
216000
540000
7020000
9504000
6696000
5184000
2052000
6156000
14040000
11772000
8964000
1836000
2376000
1944000
1944000
4968000
4212000
5832000
5292000
5400000
2268000
540000
1404000
1296000
1836000
0
648000
864000
3888000
5184000
7020000
9936000
7884000
0
4860000
7128000
9612000
12420000
16848000
12096000
11232000
7236000
11880000
6588000
13824000
12528000
22140000
22680000
23004000
18144000
16956000
16092000
11772000
8316000
15012000
22788000
21276000
19116000
24408000
20304000
20952000
22032000
21492000
17280000
23112000
14472000
9396000
8748000
12204000
9828000
8856000
6048000
10908000
4212000
2916000
2160000
2916000
11124000
10260000
14364000
15012000
8316000
2700000
5724000
6048000
1080000
864000
5832000
5400000
13176000
8748000
14364000
14796000
14688000
8640000
11880000
7344000
11664000
14904000
21060000
24840000
20628000
18144000
16632000
16848000
15444000
17496000
17064000
23004000
27540000
22248000
26352000
27540000
24948000
25272000
23004000
23220000
19440000
22896000
25596000
22248000
18792000
23436000
23328000
22032000
12420000
15768000
16956000
16308000
17820000
20736000
16848000
12528000
17172000
15444000
23652000
23760000
24300000
27540000
27324000
27540000
26784000
21492000
19332000
19008000
13284000
12420000
18468000
13284000
17496000
13608000
13608000
11124000
7236000
13608000
6804000
5292000
10260000
6048000
1080000
4968000
7128000
12852000
21816000
23652000
17496000
17820000
20196000
20628000
18252000
16956000
18144000
12744000
9072000
1296000
2160000
3672000
11232000
11448000
11124000
7776000
6588000
9936000
9504000
7236000
7668000
864000
1620000
3672000
432000
6156000
0
5076000
8640000
9720000
15120000
12312000
7884000
540000
972000
756000
4860000
4320000
2808000
3456000
4860000
5616000
3780000
4752000
4536000
432000
10152000
11016000
10692000
12744000
12960000
9936000
6264000
6372000
4860000
5940000
13392000
14364000
6696000
5292000
1080000
8208000
2592000
5400000
12528000
10152000
14796000
11124000
1728000
972000
6912000
3024000
1944000
6048000
6372000
13176000
11340000
8424000
4104000
540000
4536000
7560000
7020000
13824000
17820000
14148000
11556000
13284000
4320000
5292000
1404000
0
2916000
6264000
6912000
10476000
9180000
0
1836000
972000
1836000
2160000
5832000
6264000
6696000
8856000
9720000
10908000
4428000
4536000
1080000
3024000
1836000
5400000
2484000
2376000
9720000
10692000
5292000
3672000
2592000
8208000
4644000
7020000
7992000
2052000
216000
0
5184000
216000
5832000
1404000
2484000
1944000
6156000
13176000
16848000
20844000
26784000
25920000
26784000
26784000
24732000
23976000
24732000
17604000
24516000
27540000
24948000
27540000
27540000
27540000
27540000
21168000
27540000
24624000
25056000
18792000
22032000
20196000
20952000
16524000
6804000
5400000
6588000
2916000
432000
6156000
2484000
3348000
9180000
6048000
10044000
10152000
8424000
10584000
14688000
10908000
2268000
6480000
1080000
4644000
5616000
5724000
2052000
3132000
9288000
10152000
11448000
14148000
13608000
7020000
11556000
12420000
10044000
10368000
5940000
8856000
1944000
756000
2916000
13176000
18684000
22788000
21600000
20412000
24192000
20520000
16848000
10908000
10692000
9936000
11232000
7560000
9612000
12420000
16848000
18900000
11880000
21600000
19116000
24192000
23328000
19224000
20628000
26028000
26244000
23112000
18576000
17712000
18036000
17388000
12744000
5724000
3888000
648000
4644000
432000
5508000
10260000
19548000
24516000
26784000
19008000
11988000
9612000
17388000
15012000
16200000
15336000
4968000
3888000
2808000
11880000
2268000
5292000
7992000
11880000
8424000
10476000
14040000
5832000
10692000
8964000
12420000
17172000
13608000
14688000
10692000
3888000
12312000
14364000
13932000
14472000
11988000
4212000
7128000
13824000
16092000
19224000
15336000
9288000
17496000
17820000
18468000
19548000
9828000
8424000
10260000
9396000
12636000
8208000
14580000
19224000
15120000
5076000
8748000
8748000
12312000
16308000
17604000
17820000
14904000
12312000
9504000
10044000
16632000
11340000
10260000
8100000
11772000
11124000
1944000
1944000
4104000
5184000
5076000
5292000
2484000
7884000
10476000
6048000
8424000
10260000
12960000
15768000
14688000
9504000
14256000
15660000
22032000
20304000
18036000
17928000
17496000
12636000
16740000
12744000
14148000
11124000
6912000
9828000
13716000
22572000
27540000
23652000
24192000
19116000
16308000
7560000
3996000
324000
1944000
4968000
12312000
11664000
16848000
14472000
8640000
11880000
18576000
14364000
20412000
22680000
22140000
22248000
19872000
22356000
27432000
24948000
20196000
22140000
19548000
12204000
19764000
22032000
25812000
27540000
26028000
25488000
27540000
26244000
24732000
